6 2 3
1 3 5
1 4 7
2 8 12
3 8 4
4 9 12
9 10 2
1 2
8 9 10
4 1 2
1 2 8
1 3 1
1 5 4
1 4 2
2
3 4
5 1 2
2 3 3
1 2 8
1 3 1
1 5 4
1 4 2
2
4 5
55 3 3
1 2 4
1 3 3
1 4 4
1 5 4
1 6 19
1 7 6
1 8 12
1 9 11
1 10 7
2 3 18
2 4 18
2 5 12
2 6 14
2 7 8
2 8 14
2 9 4
2 10 7
3 4 15
3 5 2
3 6 11
3 7 13
3 8 14
3 9 13
3 10 5
4 5 15
4 6 10
4 7 7
4 8 3
4 9 8
4 10 2
5 6 2
5 7 11
5 8 18
5 9 1
5 10 14
6 7 19
6 8 17
6 9 16
6 10 18
7 8 14
7 9 16
7 10 12
8 9 18
8 10 11
9 10 7
10 6 6 
8 3 6 
55 1 4
1 2 4
1 3 3
1 4 4
1 5 4
1 6 19
1 7 6
1 8 12
1 9 11
1 10 7
2 3 18
2 4 18
2 5 12
2 6 14
2 7 8
2 8 14
2 9 4
2 10 7
3 4 15
3 5 2
3 6 11
3 7 13
3 8 14
3 9 13
3 10 5
4 5 15
4 6 10
4 7 7
4 8 3
4 9 8
4 10 2
5 6 2
5 7 11
5 8 18
5 9 1
5 10 14
6 7 19
6 8 17
6 9 16
6 10 18
7 8 14
7 9 16
7 10 12
8 9 18
8 10 11
9 10 7
8 
9 9 8 10 
55 2 3
1 2 4
1 3 3
1 4 4
1 5 4
1 6 19
1 7 6
1 8 12
1 9 11
1 10 7
2 3 18
2 4 18
2 5 12
2 6 14
2 7 8
2 8 14
2 9 4
2 10 7
3 4 15
3 5 2
3 6 11
3 7 13
3 8 14
3 9 13
3 10 5
4 5 15
4 6 10
4 7 7
4 8 3
4 9 8
4 10 2
5 6 2
5 7 11
5 8 18
5 9 1
5 10 14
6 7 19
6 8 17
6 9 16
6 10 18
7 8 14
7 9 16
7 10 12
8 9 18
8 10 11
9 10 7
4 6 
3 2 10 
55 4 3
1 2 4
1 3 3
1 4 4
1 5 4
1 6 19
1 7 6
1 8 12
1 9 11
1 10 7
2 3 18
2 4 18
2 5 12
2 6 14
2 7 8
2 8 14
2 9 4
2 10 7
3 4 15
3 5 2
3 6 11
3 7 13
3 8 14
3 9 13
3 10 5
4 5 15
4 6 10
4 7 7
4 8 3
4 9 8
4 10 2
5 6 2
5 7 11
5 8 18
5 9 1
5 10 14
6 7 19
6 8 17
6 9 16
6 10 18
7 8 14
7 9 16
7 10 12
8 9 18
8 10 11
9 10 7
3 3 6 8 
2 8 7 
55 1 1
1 2 4
1 3 3
1 4 4
1 5 4
1 6 19
1 7 6
1 8 12
1 9 11
1 10 7
2 3 18
2 4 18
2 5 12
2 6 14
2 7 8
2 8 14
2 9 4
2 10 7
3 4 15
3 5 2
3 6 11
3 7 13
3 8 14
3 9 13
3 10 5
4 5 15
4 6 10
4 7 7
4 8 3
4 9 8
4 10 2
5 6 2
5 7 11
5 8 18
5 9 1
5 10 14
6 7 19
6 8 17
6 9 16
6 10 18
7 8 14
7 9 16
7 10 12
8 9 18
8 10 11
9 10 7
4 
4 
55 5 2
1 2 4
1 3 3
1 4 4
1 5 4
1 6 19
1 7 6
1 8 12
1 9 11
1 10 7
2 3 18
2 4 18
2 5 12
2 6 14
2 7 8
2 8 14
2 9 4
2 10 7
3 4 15
3 5 2
3 6 11
3 7 13
3 8 14
3 9 13
3 10 5
4 5 15
4 6 10
4 7 7
4 8 3
4 9 8
4 10 2
5 6 2
5 7 11
5 8 18
5 9 1
5 10 14
6 7 19
6 8 17
6 9 16
6 10 18
7 8 14
7 9 16
7 10 12
8 9 18
8 10 11
9 10 7
6 10 8 4 6 
9 3 
55 5 5
1 2 4
1 3 3
1 4 4
1 5 4
1 6 19
1 7 6
1 8 12
1 9 11
1 10 7
2 3 18
2 4 18
2 5 12
2 6 14
2 7 8
2 8 14
2 9 4
2 10 7
3 4 15
3 5 2
3 6 11
3 7 13
3 8 14
3 9 13
3 10 5
4 5 15
4 6 10
4 7 7
4 8 3
4 9 8
4 10 2
5 6 2
5 7 11
5 8 18
5 9 1
5 10 14
6 7 19
6 8 17
6 9 16
6 10 18
7 8 14
7 9 16
7 10 12
8 9 18
8 10 11
9 10 7
8 1 4 1 4 
7 10 7 9 9 
55 4 4
1 2 4
1 3 3
1 4 4
1 5 4
1 6 19
1 7 6
1 8 12
1 9 11
1 10 7
2 3 18
2 4 18
2 5 12
2 6 14
2 7 8
2 8 14
2 9 4
2 10 7
3 4 15
3 5 2
3 6 11
3 7 13
3 8 14
3 9 13
3 10 5
4 5 15
4 6 10
4 7 7
4 8 3
4 9 8
4 10 2
5 6 2
5 7 11
5 8 18
5 9 1
5 10 14
6 7 19
6 8 17
6 9 16
6 10 18
7 8 14
7 9 16
7 10 12
8 9 18
8 10 11
9 10 7
7 5 1 6 
5 4 3 10 
55 1 5
1 2 4
1 3 3
1 4 4
1 5 4
1 6 19
1 7 6
1 8 12
1 9 11
1 10 7
2 3 18
2 4 18
2 5 12
2 6 14
2 7 8
2 8 14
2 9 4
2 10 7
3 4 15
3 5 2
3 6 11
3 7 13
3 8 14
3 9 13
3 10 5
4 5 15
4 6 10
4 7 7
4 8 3
4 9 8
4 10 2
5 6 2
5 7 11
5 8 18
5 9 1
5 10 14
6 7 19
6 8 17
6 9 16
6 10 18
7 8 14
7 9 16
7 10 12
8 9 18
8 10 11
9 10 7
4 
2 3 5 2 8 
55 1 2
1 2 4
1 3 3
1 4 4
1 5 4
1 6 19
1 7 6
1 8 12
1 9 11
1 10 7
2 3 18
2 4 18
2 5 12
2 6 14
2 7 8
2 8 14
2 9 4
2 10 7
3 4 15
3 5 2
3 6 11
3 7 13
3 8 14
3 9 13
3 10 5
4 5 15
4 6 10
4 7 7
4 8 3
4 9 8
4 10 2
5 6 2
5 7 11
5 8 18
5 9 1
5 10 14
6 7 19
6 8 17
6 9 16
6 10 18
7 8 14
7 9 16
7 10 12
8 9 18
8 10 11
9 10 7
3 
4 5